timescale:1000
0:0,0,1,1
100:0,0,1,1
250:0,0,1,1
300:0.1,0.1,0.9,0.9
400:0,0,1,1
500:0.1,0.1,0.9,0.9
600:0,0,1,1
700:0.1,0.1,0.9,0.9
800:0,0,1,1
900:0.1,0.1,0.9,0.9
1000:0,0,1,1
1100:0.1,0.1,0.9,0.9
1200:0,0,1,1
1300:0.1,0.1,0.9,0.9
1400:0,0,1,1
1500:0.1,0.1,0.9,0.9
1600:0,0,1,1
1700:0.1,0.1,0.9,0.9
1800:0,0,1,1
1900:0.1,0.1,0.9,0.9
2000:0,0,1,1
2100:0.1,0.1,0.9,0.9
2200:0,0,1,1
2300:0.1,0.1,0.9,0.9
2400:0,0,1,1
2500:0.1,0.1,0.9,0.9
2600:0,0,1,1
2700:0.1,0.1,0.9,0.9
2800:0,0,1,1
2900:0.1,0.1,0.9,0.9
3000:0,0,1,1
3100:0.1,0.1,0.9,0.9
3180:0,0,1,1
